1 5e-007
2 7.3e-006
3 1.65e-005
4 2.06e-005
5 4.31e-005
6 0.0001069
7 0.0001581
8 9.67e-005
9 0.0001704
10 0.000115
11 0.0001195
12 0.0002465
13 0.0002778
14 0.0001351
15 6.03e-005
16 0.000342
17 0.0003285
18 0.0004515
19 0.0007255
20 0.0005396
21 0.0006439
22 0.0003952
23 0.0006256
24 0.0004483
25 0.0001088
26 0.0008685
27 0.0007067
28 0.000546
29 1.73e-005
30 1.4e-006
31 0.002249
32 0.0011398
33 0.0009588
34 0.0020027
35 0.0007927
36 0.0015667
37 0.0007729
38 0.0030602
39 0.0022324
40 0.0029508
41 0.0041739
42 0.000601
43 0.0041899
44 0.0035404
45 0.0037095
46 0.001671
47 0.0013105
48 0.0058761
49 0.0005327
50 0.0015712
51 0.0030303
52 0.0061217
53 0.0015773
54 0.0037267
55 0.002699
56 0.003252
57 0.0041538
58 0.0001747
59 0.0034943
60 0.0023341
61 0.0014885
62 0.0042702
63 0.0057146
64 0.0005244
65 0.0095602
66 0.002524
67 0.0085951
68 0.0009898
69 4.71e-005
70 0.0014091
71 0.0031734
72 0.0059681
73 0.0004064
74 0.0091877
75 0.0028312
76 0.0101234
77 0.0073921
78 0.0071658
79 0.0068662
80 0.0039313
81 0.0165951
82 0.0096028
83 0.0014282
84 0.0087588
85 0.0170523
86 0.0051458
87 0.0118584
88 0.0053435
89 0.0160336
90 0.0147524
91 0.0089958
92 0.0181107
93 0.0072095
94 0.000146
95 0.0173185
96 0.0115674
97 0.0082346
98 0.0233715
99 0.0091188
100 0.0150292
101 0.0170141
102 0.0058821
103 0.0157816
104 0.0150795
105 0.0246154
106 0.0067149
107 0.0261398
108 0.0028978
109 0.0001666
110 0.0035588
111 0.0029323
112 0.0077477
113 0.0076525
114 0.0030574
115 0.0127811
116 0.0170073
117 0.0184624
118 0.0105876
119 0.0119215
120 0.0093947
121 0.0285464
122 0.0043252
123 0.0132417
124 0.0342946
125 0.0202201
126 0.0369644
127 0.0341419
128 0.0114703
129 0.0316146
130 0.0251117
131 0.011482
132 0.0234489
133 0.0004505
134 0.0042571
135 0.0389478
136 0.0416153
137 0.0305633
138 0.0248238
139 0.0108005
140 0.0320897
141 0.0132374
142 0.0087241
143 0.0269211
144 0.0421357
145 0.0184944
146 0.0395848
147 0.0416153
148 0.0179015
149 0.0338876
150 0.0101325
151 0.0305304
152 0.0386454
153 0.0437551
154 0.0266398
155 0.0432818
156 0.0574236
157 0.0574979
158 0.0352185
159 0.0494101
160 0.0604118
161 0.0144795
162 0.0468165
163 0.0457632
164 0.0091167
165 0.0495972
166 0.0556432
167 0.0501875
168 0.003148
169 0.0171095
170 0.0441595
171 0.0235723
172 0.0065809
173 0.0428371
174 0.0686242
175 0.0279024
176 0.0087311
177 0.0437954
178 0.005031
179 0.0008428
180 0.0794258
181 0.0279634
182 0.0513795
183 0.0454989
184 0.0260363
185 0.080752
186 0.0540271
187 0.0300308
188 0.0664385
189 0.0134629
190 0.0246511
191 0.0320942
192 0.0569401
193 0.0316152
194 0.0355961
195 0.0177176
196 0.0632348
197 0.021274
198 0.0491918
199 0.0479476
200 0.0446426
201 0.0936481
202 0.039857
203 0.0283019
204 0.0765576
205 0.0091231
206 0.0193351
207 0.0392181
208 0.0111807
209 0.0094646
210 0.0144752
211 0.0534172
212 0.0374597
213 0.0610183
214 0.079345
215 0.110673
216 0.0143326
217 0.0910821
218 0.110533
219 0.0506255
220 0.1022
221 0.0545652
222 0.11471
223 0.10711
224 0.0093381
225 0.0362656
226 0.114292
227 0.0404959
228 0.0773592
229 0.0976725
230 0.0565054
231 0.0225759
232 0.041904
233 0.122626
234 0.119832
235 0.124504
236 0.0982891
237 0.0145595
238 0.0690177
239 0.0794708
240 0.131358
241 0.130075
242 0.0415207
243 0.0436553
244 0.0224474
245 0.0077156
246 0.126229
247 0.0059408
248 0.0343635
249 0.112892
250 0.0660341
251 0.141932
252 0.0470235
253 0.138259
254 0.0450801
255 0.0075571
256 0.0306515
257 0.141392
258 0.0786178
259 0.129446
260 0.0123153
261 0.141591
262 0.0720451
263 0.0445354
264 0.0651452
265 0.143335
266 0.12318
267 0.158764
268 0.0197293
269 0.0676184
270 0.126277
271 0.0528115
272 0.170194
273 0.0931428
274 0.137964
275 0.0463037
276 0.176993
277 0.135638
278 0.101142
279 0.145025
280 0.0828943
281 0.135108
282 0.0002832
283 0.143636
284 6e-007
285 0.149652
286 0.133691
287 0.170508
288 0.190533
289 0.0730979
290 0.179404
291 0.067971
292 0.137368
293 0.085773
294 0.130877
295 0.0084353
296 0.186772
297 0.170619
298 0.123063
299 0.0480952
300 0.04825
301 0.0094415
302 0.024827
303 0.0487617
304 0.0199809
305 0.0391745
306 0.161775
307 0.214657
308 0.0666282
309 0.221864
310 0.227206
311 0.184535
312 0.172247
313 0.0468847
314 0.0526613
315 0.0108543
316 0.0753791
317 0.209581
318 0.142371
319 0.0192637
320 0.177108
321 0.0349036
322 0.0899593
323 0.0726887
324 0.226858
325 0.242081
326 0.212943
327 0.227635
328 0.0243202
329 0.222787
330 0.0101957
331 0.162641
332 0.116351
333 0.202606
334 0.198574
335 0.229696
336 0.0713399
337 0.190707
338 0.0580527
339 0.255838
340 0.0032938
341 0.283576
342 0.169587
343 0.17063
344 0.126699
345 0.170451
346 0.0635813
347 0.0034144
348 0.0968322
349 0.0577255
350 0.180904
351 0.282959
352 0.217365
353 0.0823537
354 0.137925
355 0.294097
356 0.022309
357 0.285952
358 0.158025
359 0.24571
360 0.304721
361 0.199586
362 0.247311
363 0.0045487
364 0.0162511
365 0.0783831
366 0.248373
367 0.254348
368 0.134908
369 0.283895
370 0.424792
371 0.0511844
372 0.0629468
373 0.0176035
374 0.0119894
375 0.260463
376 0.164751
377 0.233815
378 0.306097
379 0.430528
380 9e-007
381 0.245176
382 0.105015
383 0.18769
384 0.385122
385 0.0366398
386 1e-006
387 0.325526
388 0.438445
389 0.138105
390 0.214398
391 0.052137
392 0.438767
393 0.263091
394 0.0423624
395 0.231431
396 0.373301
397 0.185736
398 0.38162
399 0.31024
400 0.277862
401 0.15191
402 0.302656
403 0.273567
404 0.166583
405 0.0641365
406 0.0382264
407 0.0253223
408 0.178311
409 0.200528
410 0.0716038
411 0.161022
412 0.355982
413 0.03958
414 0.156178
415 0.37033
416 0.367343
417 0.0881656
418 0.245147
419 0.246137
420 0.305799
421 0.0340798
422 0.219721
423 0.0265348
424 0.0738047
425 0.292029
426 0.33354
427 0.0943283
428 0.447072
429 0.198276
430 0.274589
431 0.450976
432 0.484162
433 0.295523
434 0.135816
435 0.342531
436 0.428729
437 0.350861
438 0.229675
439 0.425823
440 0.485868
441 0.423998
442 0.0480838
443 0.726033
444 0.0867014
445 0.547758
446 0.213197
447 0.427845
448 0.128523
449 0.200588
450 0.464558
451 0.0843028
452 0.378937
453 0.501059
454 0.350701
455 0.150643
456 0.0667259
457 0.307571
458 0.303621
459 0.509073
460 0.0339911
461 0.257287
462 0.326291
463 0.278104
464 0.539632
465 0.212785
466 0.214307
467 0.133356
468 0.0022381
469 0.231847
470 0.318875
471 0.234325
472 0.454655
473 0.337859
474 0.440332
475 0.228941
476 0.434303
477 0.424523
478 0.311165
479 0.215411
480 0.207595
481 0.318464
482 0.437318
483 0.0209703
484 0.107398
485 0.152392
486 0.524568
487 0.41747
488 0.128896
489 0.241137
490 0.383064
491 0.272689
492 0.0293279
493 0.630432
494 0.483225
495 0.394938
496 0.200485
497 0.360339
498 0.471124
499 0.46567
500 0.156965
501 0.551424
502 0.261931
503 0.448213
504 0.522896
505 0.292247
506 0.681945
507 0.466827
508 0.519393
509 0.278774
510 0.503986
511 0.12977
512 0.748522
513 0.499838
514 0.443908
515 0.276759
516 0.172986
517 0.219834
518 0.33222
519 0.156306
520 0.168535
521 0.462259
522 0.642897
523 0.44187
524 0.093034
525 0.286647
526 0.653789
527 0.559371
528 0.0412479
529 0.14078
530 0.666775
531 0.742994
532 0.800225
533 0.397403
534 0.190044
535 0.407802
536 0.146625
537 0.572452
538 0.602459
539 0.0223631
540 0.344351
541 0.845436
542 0.871558
543 0.50533
544 0.159743
545 0.409127
546 0.348975
547 0.307248
548 0.766759
549 0.361989
550 0.704309
551 0.346895
552 0.653699
553 0.756057
554 0.472418
555 0.717392
556 0.643526
557 0.453917
558 0.567701
559 0.5465
560 0.033427
561 0.577208
562 0.12013
563 0.25876
564 0.502948
565 0.320504
566 0.659487
567 0.114532
568 0.771385
569 0.655609
570 0.488628
571 0.323641
572 0.218591
573 0.685547
574 0.32437
575 0.773277
576 0.654394
577 0.498472
578 0.311099
579 0.412952
580 0.242003
581 0.490096
582 0.020015
583 0.106563
584 0.819831
585 0.736112
586 0.263168
587 0.771389
588 0.766831
589 0.309068
590 0.0752798
591 0.717132
592 0.464196
593 0.614323
594 0.428185
595 0.686506
596 0.522831
597 0.177469
598 0.248317
599 0.0022334
600 0.260047
601 0.13485
602 0.853598
603 0.386557
604 0.302353
605 0.413382
606 0.342665
607 0.268167
608 0.211249
609 0.111389
610 0.270493
611 0.432729
612 0.912015
613 0.908647
614 0.186199
615 0.230415
616 0.101265
617 0.012172
618 0.106248
619 0.714774
620 0.406306
621 0.520958
622 0.448087
623 0.181671
624 0.360266
625 0.931605
626 0.108361
627 0.790708
628 0.293125
629 0.71511
630 0.881944
631 0.384414
632 0.597972
633 0.798407
634 0.726611
635 0.805361
636 0.699048
637 0.762086
638 0.515926
639 0.338919
640 0.270027
641 0.100848
642 0.719114
643 0.193383
644 0.209305
645 0.895184
646 0.781431
647 0.90354
648 0.0983192
649 0.725476
650 0.118606
651 0.0544734
652 0.0406107
653 0.771458
654 0.363143
655 0.533083
656 0.21486
657 0.777628
658 0.976547
659 0.0465276
660 0.120516
661 0.183892
662 0.618499
663 0.633053
664 0.905895
665 0.0451852
666 0.856712
667 0.673414
668 0.493355
669 0.0948795
670 0.317699
671 0.933346
672 1.02807
673 0.0352764
674 0.527238
675 0.26005
676 0.839969
677 0.28384
678 0.522655
679 0.200255
680 0.470511
681 0.0841787
682 0.678754
683 0.81874
684 0.540086
685 0.199792
686 0.685279
687 0.324694
688 0.724584
689 0.162949
690 0.987691
691 0.605366
692 0.121422
693 1.03748
694 0.252672
695 0.478131
696 0.741541
697 0.163272
698 0.448503
699 0.581661
700 1.08575
701 0.183122
702 0.780215
703 0.388797
704 0.765938
705 0.525966
706 0.571948
707 1.07055
708 0.0782144
709 0.568331
710 0.1368
711 0.345917
712 0.630084
713 0.756996
714 1.05106
715 0.0500312
716 0.978157
717 0.0141951
718 0.204739
719 0.356016
720 1.08528
721 0.182635
722 0.902191
723 0.352077
724 0.732115
725 0.481579
726 1.30048
727 1.01572
728 0.714713
729 1.23864
730 1.00525
731 0.799964
732 0.86348
733 0.0573214
734 1.19087
735 0.264805
736 0.376045
737 0.414704
738 0.397961
739 1.14923
740 0.893262
741 0.368827
742 0.173787
743 0.342875
744 0.701672
745 0.270944
746 0.562158
747 0.223498
748 0.897831
749 1.1614
750 1.17128
751 0.911217
752 0.679419
753 0.896482
754 0.532262
755 0.848727
756 0.415148
757 1.00899
758 1.14444
759 1.2082
760 0.0259015
761 0.920609
762 0.764253
763 1.23273
764 1.22148
765 0.677599
766 0.89086
767 1.30941
768 0.816307
769 0.846882
770 0.276081
771 0.481278
772 0.873043
773 1.03174
774 0.419528
775 0.450012
776 1.04209
777 0.929106
778 1.30749
779 0.451954
780 0.348838
781 1.28191
782 1.28065
783 1.06844
784 1.39178
785 1.14476
786 1.00353
787 0.979031
788 0.780425
789 0.327449
790 1.39058
791 0.209636
792 1.28302
793 1.08768
794 1.34166
795 1.24012
796 1.36338
797 0.929951
798 0.888068
799 0.168195
800 0.236334
801 0.0827286
802 0.783066
803 0.539093
804 0.0363557
805 0.451253
806 1.38204
807 0.31629
808 0.855891
809 0.279088
810 0.180844
811 1.48905
812 0.79767
813 0.307679
814 0.341539
815 0.4108
816 1.23233
817 1.29382
818 0.0340832
819 1.21714
820 1.23642
821 0.392669
822 0.448138
823 1.39787
824 0.215195
825 1.28085
826 1.21519
827 1.57135
828 1.37911
829 0.370941
830 1.35592
831 1.62147
832 0.411858
833 0.147806
834 0.79524
835 1.36913
836 0.583162
837 0.767933
838 1.08402
839 0.649508
840 0.576278
841 0.807552
842 1.48978
843 1.60193
844 0.267669
845 0.76343
846 1.4334
847 0.0878637
848 0.329873
849 0.45119
850 0.586247
851 1.16355
852 0.670691
853 0.815976
854 0.927168
855 1.33617
856 0.665799
857 1.53528
858 1.32604
859 0.532229
860 1.52643
861 1.21413
862 0.957801
863 0.721794
864 1.73987
865 0.93988
866 1.41648
867 0.43916
868 0.862279
869 0.411053
870 0.882707
871 1.0629
872 0.850913
873 0.92323
874 0.70768
875 1.78297
876 0.743336
877 1.69436
878 1.48858
879 0.678231
880 0.200436
881 1.35929
882 0.209425
883 0.003029
884 1.32227
885 1.22089
886 1.58725
887 0.838352
888 0.980891
889 1.11148
890 0.726402
891 0.677755
892 1.42923
893 0.290673
894 1.93083
895 0.271546
896 0.143793
897 0.261733
898 0.326163
899 0.655127
900 1.0691
901 1.86735
902 1.80367
903 1.14078
904 0.698707
905 0.192718
906 0.766253
907 1.81498
908 0.765424
909 1.19981
910 1.37478
911 0.516663
912 0.917012
913 1.49984
914 1.4182
915 1.23494
916 1.96065
917 1.10103
918 1.19684
919 0.262763
920 1.28002
921 1.56511
922 0.471488
923 0.757737
924 0.589261
925 0.493647
926 2.05145
927 0.659503
928 1.76552
929 1.70558
930 0.670503
931 0.33216
932 0.435474
933 1.59644
934 1.96336
935 1.45868
936 0.840617
937 2.10679
938 0.863407
939 1.51498
940 2.0518
941 1.2808
942 1.9756
943 0.100879
944 2.18176
945 1.41238
946 1.3167
947 0.245863
948 1.0279
949 1.39387
950 1.3271
951 0.686706
952 0.884973
953 0.978496
954 0.684773
955 1.85791
956 0.8617
957 1.43388
958 0.46173
959 0.656871
960 2.09718
961 2.2718
962 0.403546
963 1.85654
964 1.62978
965 1.86682
966 1.23518
967 0.18834
968 0.220761
969 2.07032
970 1.72704
971 0.240282
972 0.226096
973 0.0481822
974 0.180704
975 0.253051
976 1.85391
977 1.45991
978 1.28633
979 0.052492
980 1.37224
981 1.35101
982 0.342617
983 0.956194
984 1.55715
985 1.3123
986 1.1121
987 1.02634
988 0.63152
989 1.21352
990 0.0937241
991 1.48626
992 0.550488
993 0.316353
994 0.733118
995 2.43091
996 1.47594
997 1.29653
998 2.10809
999 0.616993
1000 0.0294839
1001 0.80722
1002 1.06488
1003 0.978558
1004 1.72827
1005 0.433249
1006 0.0873852
1007 0.483157
1008 0.895965
1009 1.83163
1010 0.926461
1011 1.67478
1012 0.514883
1013 0.742623
1014 0.482512
1015 1.39998
1016 2.09175
1017 2.20892
1018 1.91645
1019 0.956793
1020 1.49766
1021 1.03431
1022 0.410936
1023 2.50526
1024 1.07908
1025 1.46378
1026 0.652226
1027 1.77809
1028 1.32669
1029 1.48278
1030 0.405676
1031 2.28083
1032 0.10864
1033 0.271924
1034 1.08052
1035 1.88119
1036 0.334347
1037 1.48849
1038 0.930526
1039 1.85483
1040 0.752068
1041 2.63736
1042 1.9628
1043 0.0230216
1044 0.139148
1045 1.37416
1046 0.747758
1047 0.564456
1048 0.413856
1049 0.367661
1050 1.22598
1051 2.35037
1052 0.0552673
1053 1.6613
1054 0.0091948
1055 1.04579
1056 1.84113
1057 1.51437
1058 1.4906
1059 1.81605
1060 0.357961
1061 0.0381946
1062 1.04455
1063 0.372492
1064 1.21306
1065 2.23791
1066 2.04153
1067 2.44911
1068 2.00349
1069 1.33498
1070 1.47684
1071 0.54741
1072 1.07851
1073 0.485271
1074 1.37045
1075 1.01098
1076 2.1e-006
1077 1.83107
1078 0.236225
1079 0.810911
1080 1.64442
1081 1.53256
1082 1.28554
1083 0.288075
1084 1.43374
1085 2.50261
1086 0.646269
1087 1.11296
1088 2.72021
1089 1.7405
1090 1.80585
1091 1.05713
1092 0.497194
1093 1.32948
1094 2.29008
1095 0.0407363
1096 2.00357
1097 0.197745
1098 1.35618
1099 0.503443
1100 0.342103
1101 0.0732656
1102 2.03769
1103 2.55478
1104 1.98255
1105 2.83852
1106 1.33316
1107 2.30194
1108 2.08137
1109 2.27154
1110 2.75374
1111 3.01079
1112 2.83478
1113 0.508039
1114 0.53999
1115 0.632573
1116 0.304688
1117 1.31829
1118 0.206511
1119 2.13819
1120 0.138012
1121 0.787709
1122 0.635646
1123 0.502482
1124 0.254831
1125 2.4824
1126 0.588089
1127 1.22564
1128 2.38701
1129 0.0349067
1130 2.10849
1131 3.12131
1132 0.0322341
1133 0.15696
1134 3.1475
1135 0.932228
1136 1.46269
1137 2.54845
1138 2.26302
1139 1.82902
1140 3.12545
1141 2.15922
1142 2.83436
1143 2.11599
1144 1.07409
1145 1.32316
1146 2.88762
1147 2.56638
1148 1.12304
1149 2.82491
1150 0.614645
1151 2.94249
1152 1.71389
1153 2.30795
1154 0.328172
1155 1.35584
1156 2.86715
1157 2.41536
1158 2.84516
1159 2.51489
1160 0.819282
1161 2.39042
1162 0.876382
1163 3.25512
1164 0.44273
1165 0.0677656
1166 2.53939
1167 0.242017
1168 0.397911
1169 0.109714
1170 1.90431
1171 3.36334
1172 1.53649
1173 0.430666
1174 1.44862
1175 1.56517
1176 3.12724
1177 1.4571
1178 1.64647
1179 0.276454
1180 1.54428
1181 0.603963
1182 2.98964
1183 0.686098
1184 3.22422
1185 0.943528
1186 3.46671
1187 1.80588
1188 0.578117
1189 0.923816
1190 2.56491
1191 2.56265
1192 1.20778
1193 1.83711
1194 2.09002
1195 0.42298
1196 2.92571
1197 2.69104
1198 3.00704
1199 3.30843
1200 3.40635
1201 1.19137
1202 1.42726
1203 2.03164
1204 0.72949
1205 2.35594
1206 2.78649
1207 2.1654
1208 2.94026
1209 2.06871
1210 2.61334
1211 2.50694
1212 1.77916
1213 0.273142
1214 3.57828
1215 1.12461
1216 2.86223
1217 1.21862
1218 0.133665
1219 0.350693
1220 1.99903
1221 0.664375
1222 1.08359
1223 0.296914
1224 0.784535
1225 1.48106
1226 1.67272
1227 3.46699
1228 0.0374293
1229 1.37917
1230 0.477085
1231 2.04839
1232 0.0786457
1233 1.34814
1234 0.465572
1235 3.42948
1236 0.723654
1237 2.02207
1238 3.29315
1239 3.66068
1240 2.35344
1241 1.26296
1242 3.62609
1243 0.736191
1244 0.411103
1245 1.63448
1246 3.65458
1247 1.42025
1248 3.26824
1249 1.0754
1250 2.5746
1251 2.3332
1252 3.33397
1253 1.94461
1254 2.35763
1255 1.20858
1256 2.85817
1257 0.73737
1258 3.71421
1259 0.962294
1260 0.935549
1261 2.61868
1262 0.234568
1263 1.95301
1264 3.27935
1265 1.25973
1266 2.72804
1267 3.5026
1268 1.14664
1269 1.16937
1270 1.73535
1271 3.50207
1272 3.95486
1273 2.97851
1274 3.0759
1275 2.74883
1276 1.64913
1277 0.412815
1278 0.198949
1279 2.48489
1280 0.0621518
1281 2.40237
1282 1.42218
1283 1.23426
1284 0.266726
1285 2.98276
1286 0.5016
1287 3.17518
1288 0.0204099
1289 2.08661
1290 0.148995
1291 2.7068
1292 1.17378
1293 3.52096
1294 3.28496
1295 3.09951
1296 1.00899
1297 2.80299
1298 1.67792
1299 3.70518
1300 3.31133
1301 1.22053
1302 2.92929
1303 2.14446
1304 1.72234
1305 3.68491
1306 3.11357
1307 0.15756
1308 2.98004
1309 1.25914
1310 3.28422
1311 1.89306
1312 1.81127
1313 0.0357272
1314 3.09876
1315 3.16834
1316 1.65777
1317 2.63792
1318 3.31606
1319 0.779344
1320 1.35877
1321 0.872225
1322 2.12144
1323 2.2553
1324 0.746614
1325 3.25122
1326 2.9757
1327 1.19366
1328 1.49924
1329 3.7632
1330 2.17138
1331 2.40972
1332 0.820327
1333 3.53537
1334 1.45814
1335 2.29451
1336 3.51344
1337 2.16298
1338 3.29179
1339 2.64971
1340 4.11175
1341 2.37444
1342 0.779309
1343 4.23988
1344 3.36086
1345 1.89494
1346 2.0935
1347 1.83909
1348 3.79632
1349 3.7503
1350 0.268249
1351 2.94761
1352 0.266152
1353 3.78652
1354 4.2824
1355 2.34182
1356 1.28149
1357 0.0465981
1358 4.17402
1359 2.50529
1360 0.534199
1361 0.13833
1362 3.30811
1363 1.04077
1364 2.70986
1365 1.13239
1366 0.310869
1367 2.6174
1368 2.52479
1369 0.884844
1370 0.235032
1371 1.75515
1372 3.70319
1373 0.558305
1374 3.57978
1375 0.832489
1376 0.67573
1377 0.369237
1378 4.01197
1379 4.15632
1380 2.11138
1381 4.43649
1382 2.21364
1383 3.81835
1384 3.83413
1385 2.04242
1386 1.10743
1387 0.567476
1388 1.88723
1389 1.72316
1390 0.0235043
1391 4.55088
1392 1.87988
1393 1.61714
1394 1.64201
1395 1.21122
1396 1.32523
1397 1.81162
1398 1.33816
1399 0.9136
1400 4.20133
1401 2.26823
1402 0.65597
1403 4.3868
1404 3.56292
1405 4.73107
1406 2.84626
1407 4.19939
1408 0.271023
1409 0.427635
1410 1.95876
1411 3.00937
1412 2.45321
1413 1.14217
1414 2.42696
1415 3.21479
1416 1.48184
1417 2.413
1418 3.85731
1419 4.66974
1420 1.19492
1421 4.2205
1422 1.69367
1423 2.57857
1424 5.03052
1425 2.14324
1426 2.40435
1427 4.23664
1428 4.99168
1429 1.02991
1430 2.61379
1431 0.0038986
1432 2.83419
1433 0.0950165
1434 0.721351
1435 0.252831
1436 0.981541
1437 1.19366
1438 3.76479
1439 1.24624
1440 4.00489
1441 2.40764
1442 0.7684
1443 2.66165
1444 0.927654
1445 2.66699
1446 0.150318
1447 4.62282
1448 2.90036
1449 1.70211
1450 1.14878
1451 2.76521
1452 4.18764
1453 1.14905
1454 3.28607
1455 1.05702
1456 2.67209
1457 2.72302
1458 3.80588
1459 1.90505
1460 3.86153
1461 3.58471
1462 3.00345
1463 3.4226
1464 0.776545
1465 2.59422
1466 3.4643
1467 3.02489
1468 3.35177
1469 5.14803
1470 4.79565
1471 4.60654
1472 0.72215
1473 4.06375
1474 3.67264
1475 4.96775
1476 4.85105
1477 4.2463
1478 0.0909058
1479 4.68591
1480 1.94295
1481 0.0742381
1482 0.650871
1483 0.937757
1484 5.14092
1485 3.36954
1486 1.71289
1487 0.440666
1488 4.91457
1489 3.41288
1490 3.25129
1491 3.61944
1492 2.38424
1493 3.82485
1494 2.93555
1495 4.77963
1496 3.10698
1497 0.897456
1498 4.29459
1499 5.04603
1500 3.5009
1501 5.0401
1502 3.44181
1503 5.22667
1504 4.6064
1505 1.59195
1506 1.67716
1507 0.743031
1508 3.10414
1509 0.802003
1510 5.49602
1511 0.218204
1512 0.225143
1513 0.971704
1514 0.536623
1515 1.0762
1516 1.14912
1517 0.483388
1518 3.98143
1519 1.79649
1520 3.19811
1521 2.60076
1522 2.76498
1523 3.58476
1524 3.58217
1525 2.32648
1526 2.34585
1527 3.99617
1528 3.0228
1529 5.38921
1530 2.40433
1531 4.81135
1532 1.48571
1533 5.05827
1534 2.96225
1535 0.550904
1536 1.56881
1537 5.79388
1538 3.84415
1539 5.39267
1540 3.51659
1541 4.05522
1542 1.87586
1543 0.934126
1544 2.4537
1545 5.71623
1546 4.86332
1547 4.23962
1548 2.51065
1549 0.491627
1550 0.0299423
1551 2.62913
1552 3.00161
1553 5.36347
1554 5.45481
1555 5.976
1556 2.35971
1557 0.210291
1558 5.18883
1559 1.36832
1560 5.76783
1561 5.37111
1562 2.03352
1563 5.89046
1564 1.49378
1565 4.92452
1566 5.62249
1567 1.66853
1568 3.42768
1569 2.68637
1570 0.390362
1571 3.46011
1572 5.588
1573 3.60239
1574 1.52609
1575 2.62541
1576 2.8e-006
1577 3.80167
1578 4.62675
1579 2.91579
1580 2.28732
1581 2.48136
1582 4.33255
1583 4.46449
1584 4.93471
1585 1.44555
1586 4.6874
1587 1.96114
1588 5.60484
1589 1.23887
1590 2.47043
1591 3.06046
1592 1.95014
1593 4.83493
1594 0.143507
1595 0.434472
1596 0.89249
1597 4.21995
1598 0.841222
1599 5.82175
1600 2.71878
1601 2.14838
1602 6.2176
1603 0.73969
1604 4.69943
1605 3.87906
1606 0.739039
1607 4.42411
1608 0.100461
1609 4.14928
1610 2.53529
1611 6.42363
1612 2.25198
1613 5.95922
1614 1.92161
1615 2.03881
1616 2.88836
1617 3.67403
1618 4.14636
1619 4.83637
1620 1.50087
1621 1.38072
1622 2.42669
1623 4.12575
1624 4.65185
1625 2.59488
1626 1.18489
1627 6.39072
1628 6.00879
1629 0.20191
1630 4.04535
1631 2.68499
1632 2.69464
1633 3.4301
1634 6.00535
1635 4.22438
1636 5.89909
1637 2.41959
1638 1.39565
1639 3.36764
1640 2.83428
1641 4.70577
1642 4.33281
1643 6.08016
1644 0.565764
1645 2.9949
1646 0.682746
1647 2.5966
1648 5.1699
1649 5.16406
1650 2.88639
1651 6.35503
1652 0.690367
1653 1.19286
1654 2.12727
1655 2.57653
1656 6.19436
1657 2.72214
1658 0.85194
1659 5.65108
1660 0.999454
1661 4.2733
1662 1.15789
1663 5.42767
1664 5.67641
1665 4.03611
1666 5.52441
1667 6.71205
1668 3.98914
1669 4.25642
1670 1.26965
1671 5.78916
1672 5.56832
1673 0.365615
1674 5.35916
1675 1.997
1676 6.64425
1677 4.50284
1678 6.42942
1679 0.182377
1680 2.28302
1681 1.35242
1682 4.35287
1683 2.56267
1684 5.99633
1685 3.34638
1686 3.40572
1687 2.36199
1688 2.70398
1689 1.17673
1690 0.0852513
1691 2.59787
1692 1.54123
1693 6.8806
1694 5.84976
1695 3.10383
1696 0.805748
1697 6.74875
1698 3.7474
1699 5.85031
1700 4.62315
1701 5.44165
1702 2.96649
1703 6.27025
1704 4.12553
1705 4.09362
1706 0.616115
1707 0.0988967
1708 1.16603
1709 4.3545
1710 3.62893
1711 4.36184
1712 3.42591
1713 6.96539
1714 5.39744
1715 3.02257
1716 6.06279
1717 6.9385
1718 2.85765
1719 6.43028
1720 4.97194
1721 2.29844
1722 3.20261
1723 5.89286
1724 5.54746
1725 0.10469
1726 3.47554
1727 1.41379
1728 6.36993
1729 5.88046
1730 0.752854
1731 5.6585
1732 6.57557
1733 4.42626
1734 2.35603
1735 5.03465
1736 4.57975
1737 2.8811
1738 2.9e-006
1739 5.87543
1740 3.45215
1741 4.77045
1742 6.51715
1743 3.36506
1744 3.08103
1745 7.52026
1746 1.48047
1747 1.50554
1748 1.77087
1749 4.31108
1750 4.31475
1751 6.139
1752 1.11304
1753 5.55761
1754 5.87474
1755 1.34955
1756 4.36547
1757 6.56416
1758 0.697086
1759 6.55567
1760 0.597961
1761 3.25604
1762 1.62171
1763 4.15712
1764 0.0658768
1765 7.00661
1766 2.65123
1767 6.32792
1768 4.74884
1769 7.14878
1770 4.53678
1771 2.66765
1772 2.33315
1773 0.552487
1774 3.17235
1775 0.833901
1776 7.14984
1777 7.09896
1778 3.65781
1779 0.967312
1780 2.80193
1781 6.93484
1782 3.67315
1783 1.05601
1784 1.22859
1785 6.1878
1786 3.6866
1787 3.48679
1788 2.76293
1789 6.4791
1790 4.59506
1791 5.40243
1792 0.652149
1793 3.72336
1794 3.26485
1795 1.54012
1796 5.80162
1797 1.45622
1798 3.22994
1799 5.23884
1800 2.16718
1801 1.72329
1802 1.13199
1803 5.94236
1804 2.11266
1805 0.809561
1806 5.83332
1807 7.37763
1808 7.21196
1809 2.28284
1810 1.63049
1811 1.5142
1812 2.95414
1813 1.71594
1814 5.93117
1815 5.75123
1816 7.71109
1817 7.81838
1818 6.62882
1819 2.16426
1820 2.32848
1821 1.16039
1822 7.12272
1823 7.10764
1824 4.12914
1825 3.59443
1826 1.29389
1827 4.60548
1828 0.0923197
1829 5.18046
1830 7.10974
1831 0.0502602
1832 8.24865
1833 3.52685
1834 4.30965
1835 6.5114
1836 0.226239
1837 0.224954
1838 6.73189
1839 2.54913
1840 5.13298
1841 1.59153
1842 1.37644
1843 2.40146
1844 0.27794
1845 2.53939
1846 5.42522
1847 0.353828
1848 3.45781
1849 0.585035
1850 2.30639
1851 4.46358
1852 0.798917
1853 0.261144
1854 5.36736
1855 0.268742
1856 0.341534
1857 3.24775
1858 4.78296
1859 7.66828
1860 5.53693
1861 1.54499
1862 2.73342
1863 8.32915
1864 6.91126
1865 1.53608
1866 7.27973
1867 1.27795
1868 6.99384
1869 5.87312
1870 0.275828
1871 5.785
1872 2.67463
1873 5.06876
1874 3.44319
1875 2.83535
1876 4.40623
1877 3.12969
1878 3.98709
1879 7.34548
1880 1.97592
1881 3.2535
1882 1.2699
1883 2.19063
1884 5.99652
1885 7.26701
1886 8.37388
1887 7.70742
1888 2.37439
1889 5.64298
1890 5.17054
1891 3.41863
1892 4.89662
1893 7.22038
1894 4.56669
1895 0.578206
1896 5.49826
1897 6.22544
1898 6.79478
1899 8.46931
1900 4.62046
1901 3.31263
1902 7.2919
1903 5.08772
1904 4.80999
1905 7.10665
1906 1.98995
1907 10.0817
1908 3.91795
1909 3.30089
1910 10.0652
1911 6.79708
1912 0.047833
1913 1.48596
1914 5.11158
1915 0.641546
1916 0.511429
1917 8.73775
1918 4.65624
1919 6.61707
1920 6.62884
1921 6.77879
1922 8.82498
1923 9.24944
1924 7.96078
1925 1.10645
1926 2.95742
1927 11.0048
1928 0.478696
1929 6.39791
1930 8.98445
1931 0.935544
1932 2.26451
1933 2.83383
1934 0.17488
1935 1.5527
1936 8.38919
1937 6.66826
1938 4.55796
1939 7.84507
1940 10.0522
1941 9.18083
1942 9.76013
1943 1.29702
1944 0.951889
1945 0.24087
1946 9.50584
1947 4.12178
1948 0.162374
1949 8.29946
1950 9.67379
1951 0.327576
1952 0.823722
1953 2.36046
1954 8.07561
1955 1.57835
1956 3.87273
1957 9.49936
1958 5.76583
1959 10.747
1960 6.62516
1961 9.01436
1962 5.28128
1963 6.46695
1964 0.437796
1965 4.71593
1966 2.01852
1967 3.69921
1968 5.20745
1969 7.43055
1970 4.94493
1971 10.767
1972 4.35894
1973 4.60703
1974 8.40978
1975 8.3717
1976 2.00363
1977 5.1728
1978 9.57192
1979 6.93137
1980 9.09916
1981 4.92959
1982 10.3977
1983 5.82888
1984 9.73465
1985 7.95062
1986 9.63982
1987 6.27561
1988 6.54955
1989 8.84346
1990 5.64034
1991 4.82389
1992 4.78261
1993 6.71736
1994 6.72169
1995 6.47193
1996 4.48013
1997 7.62985
1998 7.75276
1999 6.57894
2000 6.07218
2001 4.34452
2002 3.04193
2003 2.0596
2004 1.09896
2005 3.36007
2006 8.10535
2007 8.58506
2008 4.98682
2009 4.15078
2010 5.21436
2011 8.15965
2012 6.53519
2013 5.44566
2014 3.29861
2015 3.80677
2016 7.47663
2017 0.143931
2018 0.442336
2019 2.71836
2020 2.99609
2021 3.19309
2022 1.05028
2023 0.381015
2024 5.35079
2025 1.54883
2026 0.593315
2027 0.35962
2028 2.40928
2029 7.5013
2030 10.1418
2031 6.93376
2032 4.03095
2033 7.56625
2034 5.94664
2035 3.28068
2036 8.05074
2037 9.14441
2038 2.79395
2039 0.582972
2040 10.355
2041 8.36063
2042 7.89048
2043 2.67955
2044 4.17206
2045 8.26805
2046 2.22811
2047 0.789154
2048 6.12594
2049 3.77036
2050 0.155954
2051 0.86986
2052 0.537211
2053 6.87962
2054 7.65118
2055 8.98681
2056 4.08081
2057 3.54897
2058 8.04272
2059 5.17254
2060 2.82055
2061 0.0622066
2062 4.44756
2063 5.49541
2064 4.34292
2065 8.07268
2066 10.0722
2067 10.395
2068 8.7189
2069 8.10438
2070 3.39785
2071 0.25882
2072 0.198708
2073 1.19798
2074 2.09443
2075 9.94511
2076 8.62154
2077 7.70423
2078 1.69399
2079 2.78112
2080 6.83839
2081 10.5144
2082 2.40175
2083 9.63609
2084 6.10867
2085 2.34381
2086 8.34275
2087 5.93511
2088 0.587576
2089 5.43646
2090 4.33581
2091 8.07161
2092 9.07515
2093 10.287
2094 5.45809
2095 0.244682
2096 5.27399
2097 3.79786
2098 1.86817
2099 7.14564
2100 4.45325
2101 9.10228
2102 8.0142
2103 3.45598
2104 4.11284
2105 5.53562
2106 1.0275
2107 8.66018
2108 10.682
2109 0.362303
2110 1.5766
2111 5.92866
2112 3.07482
2113 3.38186
2114 2.34125
2115 11.0552
2116 10.7784
2117 3.19671
2118 3.22943
2119 6.84387
2120 2.67119
2121 3.93053
2122 7.14156
2123 6.47062
2124 6.76519
2125 6.52193
2126 10.2635
2127 1.49401
2128 9.33737
2129 8.79511
2130 1.18147
2131 2.65562
2132 8.59076
2133 6.87696
2134 7.54005
2135 4.97708
2136 0.844659
2137 3.23026
